     1357.53613281250000000000
      134.46968078613281250000
       27.95728302001953125000
       10.27831840515136718750
       10.24060726165771484375
       14.11909008026123046875
       10.88219642639160156250
       11.50917339324951171875
       12.62098217010498046875
       13.62354278564453125000
       17.14017486572265625000
       14.76924324035644531250
       20.37779617309570312500
       20.57413101196289062500
       20.35312652587890625000
       21.85472488403320312500
       21.56803321838378906250
       21.47931289672851562500
       22.31373214721679687500
       22.50166130065917968750
       23.56202888488769531250
       24.97514533996582031250
       25.01058387756347656250
       25.13563728332519531250
       24.83171081542968750000
       24.41084098815917968750
       23.79049873352050781250
       27.63766098022460937500
       17.60413932800292968750
       85.72086334228515625000
       37.44808959960937500000
       21.38231658935546875000
       70.45027923583984375000
