   219296.14062500000000000000
  9538890.00000000000000000000
 51348004.00000000000000000000
 67945264.00000000000000000000
 70834064.00000000000000000000
 68533200.00000000000000000000
 61982320.00000000000000000000
 60563760.00000000000000000000
 62740552.00000000000000000000
 59961632.00000000000000000000
 63824400.00000000000000000000
 61151456.00000000000000000000
 66237924.00000000000000000000
 65387336.00000000000000000000
 64565048.00000000000000000000
 64201692.00000000000000000000
 63544732.00000000000000000000
 64740880.00000000000000000000
 65016248.00000000000000000000
 64465112.00000000000000000000
 63809880.00000000000000000000
 65728860.00000000000000000000
 65483716.00000000000000000000
 61907748.00000000000000000000
 45766884.00000000000000000000
 46585336.00000000000000000000
 52231896.00000000000000000000
 74801000.00000000000000000000
 69876392.00000000000000000000
 79343880.00000000000000000000
 70062328.00000000000000000000
 69274880.00000000000000000000
 73894952.00000000000000000000
