    22221.65820312500000000000
  4206462.00000000000000000000
 22005986.00000000000000000000
 32892554.00000000000000000000
 33338472.00000000000000000000
 34442824.00000000000000000000
 25743414.00000000000000000000
 24003660.00000000000000000000
 21826488.00000000000000000000
 16422634.00000000000000000000
 13914777.00000000000000000000
 10176466.00000000000000000000
  8601777.00000000000000000000
  7247731.50000000000000000000
  6075535.00000000000000000000
  5366970.50000000000000000000
  5104039.00000000000000000000
  5006376.50000000000000000000
  4716726.00000000000000000000
  4694732.50000000000000000000
  4509482.00000000000000000000
  4612378.00000000000000000000
  4594165.50000000000000000000
  4677452.00000000000000000000
  4579353.50000000000000000000
  5997894.00000000000000000000
  6095528.50000000000000000000
  6351002.50000000000000000000
  7047458.50000000000000000000
  7144517.50000000000000000000
  7482287.50000000000000000000
  8579918.00000000000000000000
  9041334.00000000000000000000
