    18275.54296875000000000000
  3325601.50000000000000000000
 18509708.00000000000000000000
 29985246.00000000000000000000
 30871124.00000000000000000000
 32329166.00000000000000000000
 25091528.00000000000000000000
 23269372.00000000000000000000
 21193126.00000000000000000000
 16253605.00000000000000000000
 14074788.00000000000000000000
 10561069.00000000000000000000
  8544884.00000000000000000000
  6986297.50000000000000000000
  5838435.50000000000000000000
  4979684.50000000000000000000
  4744725.50000000000000000000
  4611435.50000000000000000000
  4302001.50000000000000000000
  4238260.50000000000000000000
  4115629.75000000000000000000
  4301112.50000000000000000000
  4295650.00000000000000000000
  4528493.50000000000000000000
  4392297.50000000000000000000
  5726966.00000000000000000000
  5814749.00000000000000000000
  6380163.00000000000000000000
  7091833.00000000000000000000
  7366973.50000000000000000000
  7812246.50000000000000000000
  9015680.00000000000000000000
  9724236.00000000000000000000
