       25.56183624267578125000
        7.37218904495239257812
        3.68391680717468261719
        2.39164543151855468750
        2.31032705307006835938
        2.46294975280761718750
        2.36927652359008789062
        2.46917796134948730469
        2.59127473831176757812
        2.70777630805969238281
        2.95501875877380371094
        2.91828823089599609375
        3.37949109077453613281
        3.49888706207275390625
        3.54545307159423828125
        3.69801282882690429688
        3.68234038352966308594
        3.71777248382568359375
        3.79845261573791503906
        3.83471918106079101562
        3.92654156684875488281
        4.01535606384277343750
        4.03265666961669921875
        4.03165102005004882812
        3.94553685188293457031
        3.41749000549316406250
        3.42546916007995605469
        3.83893799781799316406
        3.17441201210021972656
        5.29030752182006835938
        4.10536718368530273438
        3.31622791290283203125
        5.00205802917480468750
