 188.755126953125000
7759.148437500000000
27552.593750000000000
41759.992187500000000
46481.367187500000000
47781.554687500000000
46818.714843750000000
45049.105468750000000
43232.203125000000000
39965.542968750000000
37692.246093750000000
32997.605468750000000
28279.724609375000000
24905.748046875000000
22063.412109375000000
19947.386718750000000
18400.986328125000000
16518.947265625000000
15465.658203125000000
14365.236328125000000
13046.851562500000000
12542.492187500000000
11430.195312500000000
10344.825195312500000
10350.160156250000000
9540.490234375000000
9500.097656250000000
8381.104492187500000
7627.329101562500000
7476.109375000000000
7176.398925781250000
7494.207519531250000
6360.499023437500000
