 125.211364746093750
7552.458251953125000
26289.458984375000000
38457.246093750000000
42336.193359375000000
43397.394531250000000
42395.876953125000000
40326.630859375000000
38359.775390625000000
35735.371093750000000
32449.008789062500000
29003.011718750000000
24349.025390625000000
20877.952148437500000
18354.688476562500000
16251.443847656250000
14662.023925781250000
13323.456054687500000
12257.704101562500000
11465.678222656250000
10368.756347656250000
9361.797363281250000
8807.478515625000000
7984.347167968750000
8237.103271484375000
8435.163085937500000
7941.401855468750000
7299.105712890625000
7011.776855468750000
6680.561523437500000
6330.604248046875000
6096.470214843750000
5767.948730468750000
